param N_paletes:=2000;

param N_Niveis:=500;

param N_Racks:=50;

param Palete:
#	Referencia	Altura	Largura	Taxa de >Utilizacao
	1	2	3	4:=
120	79	1000	18
257	109	800	31
63	79	1000	43
225	39	1000	4
245	39	1000	1
39	79	1000	49
105	33	1000	23
100	39	1000	24
263	39	800	15
194	79	1000	9
241	79	1000	2
27	79	1000	73
217	33	1000	5
15	79	1000	93
66	79	1000	42
153	39	1000	11
175	59	1000	10
95	59	1000	25
211	59	1000	5
132	59	1000	14
39	79	1000	49
134	33	1000	14
123	59	1000	17
121	46	1000	17
270	59	800	10
12	79	1000	96
13	79	1000	95
54	79	1000	46
182	39	1000	10
15	79	1000	93
251	79	1000	0
177	59	1000	10
192	79	1000	9
15	79	1000	93
146	79	1000	12
145	79	1000	12
8	79	1000	125
12	79	1000	96
234	39	1000	3
33	79	1000	62
146	79	1000	12
238	59	1000	3
223	39	1000	4
13	79	1000	95
177	59	1000	10
202	41	1000	7
17	33	1000	90
258	79	800	29
207	59	1000	6
174	39	1000	11
280	109	800	3
200	33	1000	8
269	39	800	10
22	47	1000	83
99	39	1000	24
220	39	1000	4
200	33	1000	8
93	59	1000	25
30	79	1000	66
273	109	800	7
259	79	800	29
89	39	1000	26
273	109	800	7
267	79	800	11
107	33	1000	23
84	39	1000	28
16	79	1000	93
34	79	1000	61
261	61	800	23
62	79	1000	43
133	59	1000	14
31	79	1000	65
203	59	1000	7
179	39	1000	10
201	41	1000	7
240	79	1000	2
85	79	1000	28
52	79	1000	46
57	79	1000	44
193	39	1000	9
272	39	800	7
93	59	1000	25
124	109	1000	17
135	33	1000	14
225	39	1000	4
170	59	1000	11
260	61	800	23
275	109	800	7
183	99	1000	10
14	33	1000	95
271	59	800	10
248	39	1000	1
13	79	1000	95
166	39	1000	11
25	47	1000	78
34	79	1000	61
274	109	800	7
250	59	1000	0
273	109	800	7
21	79	1000	86
106	33	1000	23
177	59	1000	10
57	79	1000	44
47	59	1000	48
275	109	800	7
273	109	800	7
12	79	1000	96
165	99	1000	11
54	79	1000	46
12	79	1000	96
68	33	1000	40
15	79	1000	93
13	79	1000	95
191	79	1000	9
106	33	1000	23
230	59	1000	3
16	79	1000	93
184	33	1000	10
125	109	1000	17
205	33	1000	7
198	39	1000	8
14	33	1000	95
22	47	1000	83
221	39	1000	4
9	33	1000	124
117	109	1000	18
138	79	1000	13
63	79	1000	43
6	83.2	1000	144
255	79	1000	0
13	79	1000	95
62	79	1000	43
265	109	800	11
15	79	1000	93
239	59	1000	2
92	79	1000	25
233	39	1000	3
15	79	1000	93
34	79	1000	61
165	99	1000	11
15	79	1000	93
173	59	1000	11
129	33	1000	15
21	79	1000	86
184	33	1000	10
241	79	1000	2
73	39	1000	35
16	79	1000	93
62	79	1000	43
273	49	800	7
50	46	1000	47
281	109	800	2
184	33	1000	10
25	47	1000	78
29	79	1000	68
30	79	1000	66
93	59	1000	25
137	33	1000	13
57	79	1000	44
273	109	800	7
15	79	1000	93
130	33	1000	15
227	79	1000	4
128	99	1000	16
36	33	1000	58
83	79	1000	28
71	39	1000	36
192	79	1000	9
196	39	1000	9
45	39	1000	48
35	59	1000	59
100	79	1000	24
150	109	1000	12
185	49	1000	9
15	79	1000	93
7	33	1000	129
16	79	1000	93
92	79	1000	25
114	109	1000	20
273	109	800	7
148	39	1000	12
155	79	1000	11
156	79	1000	11
47	59	1000	48
197	39	1000	8
16	79	1000	93
27	79	1000	73
263	39	800	15
16	79	1000	93
273	109	800	7
16	79	1000	93
165	99	1000	11
5	46	1000	148
137	33	1000	13
203	59	1000	7
84	39	1000	28
258	79	800	29
262	39	800	15
248	39	1000	1
251	79	1000	0
118	109	1000	18
45	39	1000	48
274	109	800	7
203	59	1000	7
142	33	1000	13
21	79	1000	86
109	59	1000	23
176	59	1000	10
277	109	800	5
63	79	1000	43
207	59	1000	6
194	79	1000	9
113	115	1000	20
39	79	1000	49
154	99	1000	11
273	109	800	7
95	59	1000	25
177	59	1000	10
253	59	1000	0
165	99	1000	11
271	59	800	10
265	109	800	11
21	79	1000	86
218	39	1000	5
7	33	1000	129
78	33	1000	32
2	47	1000	167
107	33	1000	23
153	39	1000	11
71	39	1000	36
66	79	1000	42
103	39	1000	24
95	59	1000	25
243	79	1000	1
86	79	1000	27
63	79	1000	43
113	115	1000	20
180	33	1000	10
169	99	1000	11
145	79	1000	12
90	79	1000	25
209	33	1000	6
83	79	1000	28
219	79	1000	5
160	39	1000	11
130	33	1000	15
266	109	800	11
179	39	1000	10
60	33	1000	43
281	109	800	2
238	59	1000	3
156	79	1000	11
11	33	1000	100
15	79	1000	93
15	79	1000	93
67	79	1000	41
16	79	1000	93
184	33	1000	10
80	39	1000	30
150	109	1000	12
97	79	1000	24
240	79	1000	2
29	79	1000	68
89	39	1000	26
165	99	1000	11
158	79	1000	11
54	79	1000	46
71	79	1000	36
277	109	800	5
164	99	1000	11
215	33	1000	5
68	33	1000	40
58	59	1000	44
100	79	1000	24
201	41	1000	7
16	79	1000	93
90	79	1000	25
48	33	1000	47
157	79	1000	11
73	79	1000	35
27	79	1000	73
21	79	1000	86
69	79	1000	38
39	79	1000	49
257	109	800	31
23	47	1000	83
14	33	1000	95
162	39	1000	11
106	33	1000	23
153	39	1000	11
16	79	1000	93
65	59	1000	42
158	79	1000	11
83	79	1000	28
168	59	1000	11
191	79	1000	9
72	39	1000	36
63	79	1000	43
49	42	1000	47
71	79	1000	36
71	39	1000	36
260	61	800	23
153	39	1000	11
15	79	1000	93
163	99	1000	11
27	79	1000	73
1	59	1000	176
97	79	1000	24
16	79	1000	93
12	79	1000	96
5	46	1000	148
204	99	1000	7
62	79	1000	43
30	79	1000	66
15	79	1000	93
144	39	1000	12
273	109	800	7
63	79	1000	43
13	79	1000	95
56	79	1000	44
29	79	1000	68
21	79	1000	86
262	39	800	15
206	59	1000	6
277	109	800	5
254	59	1000	0
24	33	1000	80
13	79	1000	95
16	79	1000	93
114	109	1000	20
249	59	1000	0
113	115	1000	20
131	33	1000	15
91	39	1000	25
49	42	1000	47
246	39	1000	1
12	79	1000	96
38	42	1000	49
207	59	1000	6
15	79	1000	93
181	39	1000	10
224	79	1000	4
279	59	800	3
272	39	800	7
48	61	1000	47
125	109	1000	17
39	79	1000	49
173	59	1000	11
132	59	1000	14
103	39	1000	24
165	99	1000	11
15	79	1000	93
209	33	1000	6
56	79	1000	44
258	79	800	29
20	79	1000	86
16	79	1000	93
235	39	1000	3
234	39	1000	3
260	61	800	23
144	39	1000	12
179	39	1000	10
117	109	1000	18
20	79	1000	86
84	39	1000	28
131	33	1000	15
47	59	1000	48
56	79	1000	44
262	39	800	15
198	39	1000	8
15	79	1000	93
53	39	1000	46
119	79	1000	18
261	61	800	23
92	79	1000	25
195	99	1000	9
109	59	1000	23
97	39	1000	24
266	49	800	11
52	79	1000	46
14	33	1000	95
111	47	1000	22
181	39	1000	10
16	79	1000	93
165	99	1000	11
161	99	1000	11
15	79	1000	93
87	79	1000	27
170	59	1000	11
16	79	1000	93
169	99	1000	11
15	79	1000	93
273	109	800	7
124	109	1000	17
157	79	1000	11
64	79	1000	42
27	79	1000	73
128	109	1000	16
72	39	1000	36
276	109	800	5
129	33	1000	15
15	79	1000	93
165	99	1000	11
251	79	1000	0
268	39	800	10
1	79	1000	176
205	33	1000	7
247	39	1000	1
223	39	1000	4
259	79	800	29
84	39	1000	28
260	61	800	23
251	79	1000	0
1	59	1000	176
50	46	1000	47
23	47	1000	83
1	59	1000	176
18	33	1000	87
248	39	1000	1
257	109	800	31
241	79	1000	2
99	39	1000	24
151	79	1000	11
278	39	800	4
25	47	1000	78
252	39	1000	0
5	46	1000	148
269	79	800	10
225	39	1000	4
54	79	1000	46
13	79	1000	95
9	33	1000	124
266	49	800	11
276	109	800	5
243	79	1000	1
15	79	1000	93
227	79	1000	4
114	109	1000	20
21	79	1000	86
148	39	1000	12
51	33	1000	46
254	59	1000	0
204	59	1000	7
122	33	1000	17
94	59	1000	25
131	33	1000	15
11	33	1000	100
75	39	1000	34
87	39	1000	27
20	79	1000	86
250	59	1000	0
47	59	1000	48
27	79	1000	73
65	59	1000	42
197	39	1000	8
97	79	1000	24
123	59	1000	17
202	41	1000	7
21	79	1000	86
222	39	1000	4
21	79	1000	86
276	109	800	5
16	79	1000	93
21	79	1000	86
223	39	1000	4
262	79	800	15
54	79	1000	46
15	79	1000	93
83	79	1000	28
78	33	1000	32
267	79	800	11
265	49	800	11
96	59	1000	25
117	109	1000	18
47	79	1000	48
205	33	1000	7
42	33	1000	48
274	109	800	7
208	33	1000	6
109	59	1000	23
190	39	1000	9
145	79	1000	12
40	59	1000	48
30	79	1000	66
273	49	800	7
13	79	1000	95
83	79	1000	28
124	109	1000	17
13	79	1000	95
54	79	1000	46
124	109	1000	17
21	79	1000	86
212	59	1000	5
158	79	1000	11
9	33	1000	124
143	59	1000	12
15	79	1000	93
274	109	800	7
224	59	1000	4
212	59	1000	5
57	79	1000	44
32	79	1000	64
102	59	1000	24
222	39	1000	4
13	79	1000	95
224	59	1000	4
104	46	1000	23
34	79	1000	61
27	79	1000	73
164	99	1000	11
29	79	1000	68
156	79	1000	11
89	39	1000	26
145	79	1000	12
258	79	800	29
15	79	1000	93
263	39	800	15
146	79	1000	12
10	33	1000	114
54	79	1000	46
273	109	800	7
155	79	1000	11
90	79	1000	25
67	79	1000	41
187	39	1000	9
136	33	1000	13
105	33	1000	23
156	79	1000	11
16	79	1000	93
281	109	800	2
176	59	1000	10
127	119	1000	16
51	33	1000	46
116	49	1000	19
15	79	1000	93
146	79	1000	12
15	79	1000	93
155	79	1000	11
84	39	1000	28
16	79	1000	93
274	49	800	7
125	49	1000	17
204	59	1000	7
241	79	1000	2
251	79	1000	0
73	79	1000	35
127	119	1000	16
132	59	1000	14
262	79	800	15
127	119	1000	16
21	79	1000	86
164	99	1000	11
251	79	1000	0
69	79	1000	38
16	79	1000	93
116	49	1000	19
98	79	1000	24
16	79	1000	93
195	99	1000	9
259	79	800	29
48	33	1000	47
37	47	1000	50
226	39	1000	4
225	39	1000	4
15	79	1000	93
39	79	1000	49
258	79	800	29
5	46	1000	148
54	79	1000	46
16	79	1000	93
227	79	1000	4
15	79	1000	93
21	79	1000	86
126	33	1000	16
12	79	1000	96
270	59	800	10
15	79	1000	93
241	79	1000	2
65	59	1000	42
281	109	800	2
251	79	1000	0
273	109	800	7
2	47	1000	167
224	59	1000	4
219	39	1000	5
12	79	1000	96
273	109	800	7
275	109	800	7
31	79	1000	65
114	109	1000	20
32	79	1000	64
195	99	1000	9
253	59	1000	0
16	79	1000	93
256	79	1000	0
128	99	1000	16
34	79	1000	61
75	39	1000	34
168	59	1000	11
79	39	1000	32
62	79	1000	43
13	79	1000	95
15	79	1000	93
237	59	1000	3
121	46	1000	17
171	79	1000	11
186	33	1000	9
248	39	1000	1
26	59	1000	78
16	79	1000	93
65	59	1000	42
19	33	1000	87
221	39	1000	4
277	109	800	5
62	59	1000	43
66	79	1000	42
116	49	1000	19
264	79	800	12
9	33	1000	124
204	99	1000	7
16	79	1000	93
16	79	1000	93
155	79	1000	11
89	39	1000	26
100	79	1000	24
128	99	1000	16
10	33	1000	114
27	79	1000	73
193	39	1000	9
193	39	1000	9
163	99	1000	11
195	99	1000	9
153	39	1000	11
13	79	1000	95
84	39	1000	28
99	79	1000	24
171	79	1000	11
26	59	1000	78
117	109	1000	18
15	79	1000	93
265	49	800	11
280	109	800	3
22	47	1000	83
64	79	1000	42
148	39	1000	12
151	49	1000	11
234	39	1000	3
269	39	800	10
63	79	1000	43
30	79	1000	66
278	39	800	4
266	49	800	11
71	39	1000	36
180	33	1000	10
189	39	1000	9
56	79	1000	44
127	119	1000	16
20	79	1000	86
243	79	1000	1
224	79	1000	4
87	79	1000	27
20	79	1000	86
127	119	1000	16
52	39	1000	46
15	79	1000	93
98	79	1000	24
191	79	1000	9
237	59	1000	3
98	79	1000	24
1	79	1000	176
102	59	1000	24
155	79	1000	11
262	39	800	15
113	83	1000	20
104	46	1000	23
86	79	1000	27
165	99	1000	11
139	49	1000	13
251	79	1000	0
16	79	1000	93
117	109	1000	18
153	39	1000	11
56	79	1000	44
12	79	1000	96
34	79	1000	61
145	79	1000	12
132	59	1000	14
245	39	1000	1
250	59	1000	0
149	39	1000	12
274	109	800	7
16	79	1000	93
164	99	1000	11
92	79	1000	25
100	79	1000	24
8	79	1000	125
17	33	1000	90
12	79	1000	96
15	79	1000	93
54	79	1000	46
49	42	1000	47
151	49	1000	11
15	79	1000	93
231	33	1000	3
138	79	1000	13
234	39	1000	3
24	33	1000	80
230	59	1000	3
34	79	1000	61
69	79	1000	38
20	79	1000	86
103	39	1000	24
16	79	1000	93
108	33	1000	23
218	39	1000	5
65	59	1000	42
232	39	1000	3
16	79	1000	93
163	99	1000	11
121	46	1000	17
158	79	1000	11
185	49	1000	9
174	39	1000	11
251	79	1000	0
273	49	800	7
274	109	800	7
220	39	1000	4
50	46	1000	47
142	33	1000	13
50	46	1000	47
185	49	1000	9
135	33	1000	14
15	79	1000	93
15	79	1000	93
67	79	1000	41
1	59	1000	176
152	33	1000	11
37	47	1000	50
102	59	1000	24
87	79	1000	27
116	49	1000	19
219	39	1000	5
16	79	1000	93
142	33	1000	13
222	39	1000	4
123	59	1000	17
233	39	1000	3
78	33	1000	32
50	46	1000	47
98	79	1000	24
12	79	1000	96
20	79	1000	86
98	79	1000	24
224	59	1000	4
57	79	1000	44
16	79	1000	93
33	79	1000	62
274	49	800	7
66	79	1000	42
116	49	1000	19
15	79	1000	93
215	33	1000	5
274	109	800	7
27	79	1000	73
229	59	1000	3
125	49	1000	17
184	33	1000	10
274	109	800	7
88	79	1000	27
57	79	1000	44
276	109	800	5
54	79	1000	46
100	39	1000	24
20	79	1000	86
274	109	800	7
62	79	1000	43
276	109	800	5
273	109	800	7
99	79	1000	24
54	79	1000	46
16	79	1000	93
34	79	1000	61
161	59	1000	11
185	49	1000	9
279	59	800	3
13	79	1000	95
15	79	1000	93
210	33	1000	6
161	99	1000	11
15	79	1000	93
219	39	1000	5
281	109	800	2
264	79	800	12
15	79	1000	93
280	109	800	3
56	79	1000	44
39	79	1000	49
182	39	1000	10
224	59	1000	4
15	79	1000	93
161	59	1000	11
185	79	1000	9
208	33	1000	6
163	99	1000	11
104	46	1000	23
145	79	1000	12
12	79	1000	96
167	59	1000	11
12	79	1000	96
269	39	800	10
140	49	1000	13
41	59	1000	48
146	79	1000	12
262	39	800	15
238	59	1000	3
168	59	1000	11
12	79	1000	96
233	39	1000	3
280	109	800	3
226	39	1000	4
151	49	1000	11
200	33	1000	8
100	39	1000	24
274	109	800	7
50	46	1000	47
124	109	1000	17
94	59	1000	25
98	79	1000	24
37	47	1000	50
47	79	1000	48
165	99	1000	11
105	33	1000	23
273	109	800	7
200	33	1000	8
203	59	1000	7
274	109	800	7
59	79	1000	44
45	39	1000	48
122	33	1000	17
15	79	1000	93
142	33	1000	13
133	59	1000	14
257	109	800	31
226	39	1000	4
23	47	1000	83
222	39	1000	4
136	33	1000	13
273	109	800	7
275	109	800	7
118	109	1000	18
221	39	1000	4
277	109	800	5
146	79	1000	12
227	79	1000	4
123	59	1000	17
97	39	1000	24
26	59	1000	78
109	59	1000	23
60	33	1000	43
257	109	800	31
257	109	800	31
87	79	1000	27
133	59	1000	14
230	59	1000	3
16	79	1000	93
15	79	1000	93
21	79	1000	86
15	79	1000	93
195	99	1000	9
31	79	1000	65
273	109	800	7
15	79	1000	93
245	39	1000	1
272	39	800	7
4	59	1000	157
243	79	1000	1
219	39	1000	5
21	79	1000	86
163	99	1000	11
149	39	1000	12
50	46	1000	47
162	39	1000	11
276	109	800	5
171	79	1000	11
232	39	1000	3
194	79	1000	9
240	79	1000	2
269	79	800	10
30	79	1000	66
177	59	1000	10
149	39	1000	12
81	49	1000	29
27	79	1000	73
36	33	1000	58
240	79	1000	2
157	79	1000	11
15	79	1000	93
54	79	1000	46
160	39	1000	11
72	39	1000	36
145	79	1000	12
157	79	1000	11
28	59	1000	72
116	49	1000	19
97	39	1000	24
143	59	1000	12
241	79	1000	2
226	39	1000	4
93	59	1000	25
130	33	1000	15
16	79	1000	93
248	39	1000	1
70	39	1000	36
56	79	1000	44
242	39	1000	2
13	79	1000	95
262	39	800	15
188	46	1000	9
60	33	1000	43
50	46	1000	47
174	39	1000	11
127	119	1000	16
215	33	1000	5
161	99	1000	11
272	39	800	7
104	46	1000	23
112	109	1000	21
211	59	1000	5
146	79	1000	12
46	39	1000	48
127	119	1000	16
99	39	1000	24
15	79	1000	93
231	33	1000	3
77	49	1000	34
64	79	1000	42
16	79	1000	93
57	79	1000	44
107	33	1000	23
89	39	1000	26
131	33	1000	15
279	59	800	3
12	79	1000	96
173	59	1000	11
226	39	1000	4
279	59	800	3
281	109	800	2
173	59	1000	11
15	79	1000	93
146	79	1000	12
187	39	1000	9
21	79	1000	86
265	49	800	11
267	79	800	11
152	33	1000	11
72	39	1000	36
83	79	1000	28
125	109	1000	17
227	79	1000	4
34	79	1000	61
255	79	1000	0
248	39	1000	1
150	109	1000	12
38	42	1000	49
165	99	1000	11
42	33	1000	48
91	39	1000	25
214	39	1000	5
281	109	800	2
217	33	1000	5
164	99	1000	11
28	59	1000	72
233	39	1000	3
145	79	1000	12
12	79	1000	96
259	79	800	29
50	46	1000	47
15	79	1000	93
127	119	1000	16
196	79	1000	9
205	33	1000	7
259	79	800	29
276	109	800	5
254	59	1000	0
28	59	1000	72
259	79	800	29
134	33	1000	14
30	79	1000	66
31	79	1000	65
20	79	1000	86
257	109	800	31
197	39	1000	8
154	99	1000	11
39	79	1000	49
96	59	1000	25
59	79	1000	44
24	33	1000	80
30	79	1000	66
94	59	1000	25
15	79	1000	93
16	79	1000	93
109	59	1000	23
4	59	1000	157
79	39	1000	32
273	109	800	7
15	79	1000	93
66	79	1000	42
207	59	1000	6
145	79	1000	12
216	59	1000	5
227	79	1000	4
16	79	1000	93
29	79	1000	68
281	109	800	2
12	79	1000	96
5	46	1000	148
210	33	1000	6
8	79	1000	125
41	59	1000	48
276	109	800	5
273	109	800	7
124	109	1000	17
93	59	1000	25
240	79	1000	2
252	39	1000	0
49	42	1000	47
274	109	800	7
30	79	1000	66
129	33	1000	15
241	79	1000	2
237	59	1000	3
30	79	1000	66
30	79	1000	66
251	79	1000	0
77	49	1000	34
74	33	1000	34
194	39	1000	9
103	39	1000	24
68	33	1000	40
15	79	1000	93
118	109	1000	18
243	79	1000	1
198	39	1000	8
47	79	1000	48
220	39	1000	4
96	59	1000	25
34	79	1000	61
127	119	1000	16
12	79	1000	96
272	39	800	7
276	109	800	5
15	79	1000	93
13	79	1000	95
20	79	1000	86
30	79	1000	66
273	109	800	7
124	109	1000	17
172	39	1000	11
114	109	1000	20
16	79	1000	93
84	39	1000	28
20	79	1000	86
164	99	1000	11
16	79	1000	93
97	79	1000	24
128	109	1000	16
274	109	800	7
13	79	1000	95
73	39	1000	35
31	79	1000	65
4	59	1000	157
12	79	1000	96
251	79	1000	0
251	79	1000	0
210	33	1000	6
88	79	1000	27
21	79	1000	86
47	59	1000	48
73	39	1000	35
107	33	1000	23
12	79	1000	96
73	39	1000	35
266	109	800	11
203	59	1000	7
100	39	1000	24
23	47	1000	83
12	79	1000	96
145	79	1000	12
198	39	1000	8
112	109	1000	21
58	59	1000	44
129	33	1000	15
46	39	1000	48
16	79	1000	93
150	99	1000	12
135	33	1000	14
54	79	1000	46
91	39	1000	25
83	79	1000	28
20	79	1000	86
226	39	1000	4
32	79	1000	64
29	79	1000	68
145	79	1000	12
86	39	1000	27
27	79	1000	73
272	39	800	7
8	79	1000	125
120	79	1000	18
32	79	1000	64
240	79	1000	2
146	79	1000	12
133	59	1000	14
281	109	800	2
27	79	1000	73
130	33	1000	15
184	33	1000	10
111	47	1000	22
100	39	1000	24
33	79	1000	62
91	39	1000	25
250	59	1000	0
212	59	1000	5
16	79	1000	93
100	79	1000	24
56	79	1000	44
12	79	1000	96
30	79	1000	66
86	79	1000	27
279	59	800	3
266	49	800	11
16	79	1000	93
243	79	1000	1
251	79	1000	0
149	39	1000	12
252	39	1000	0
139	49	1000	13
275	109	800	7
263	79	800	15
33	79	1000	62
92	79	1000	25
97	39	1000	24
276	109	800	5
273	49	800	7
258	79	800	29
155	79	1000	11
77	49	1000	34
83	79	1000	28
114	109	1000	20
16	79	1000	93
13	79	1000	95
86	39	1000	27
97	39	1000	24
41	59	1000	48
195	99	1000	9
275	109	800	7
57	79	1000	44
156	79	1000	11
249	59	1000	0
48	61	1000	47
160	39	1000	11
207	59	1000	6
93	59	1000	25
273	109	800	7
206	59	1000	6
227	79	1000	4
78	33	1000	32
37	47	1000	50
63	79	1000	43
96	59	1000	25
125	109	1000	17
64	79	1000	42
12	79	1000	96
16	79	1000	93
41	59	1000	48
140	49	1000	13
62	59	1000	43
121	46	1000	17
16	79	1000	93
52	79	1000	46
98	79	1000	24
172	39	1000	11
16	79	1000	93
145	79	1000	12
99	39	1000	24
16	79	1000	93
15	79	1000	93
85	79	1000	28
104	46	1000	23
243	79	1000	1
186	33	1000	9
16	79	1000	93
12	79	1000	96
230	59	1000	3
155	79	1000	11
259	79	800	29
113	83	1000	20
87	79	1000	27
115	39	1000	19
123	59	1000	17
189	39	1000	9
167	59	1000	11
63	79	1000	43
117	109	1000	18
232	39	1000	3
50	46	1000	47
164	99	1000	11
67	79	1000	41
16	79	1000	93
31	79	1000	65
211	59	1000	5
37	47	1000	50
53	39	1000	46
276	109	800	5
158	79	1000	11
165	99	1000	11
238	59	1000	3
152	33	1000	11
29	79	1000	68
150	109	1000	12
164	99	1000	11
268	79	800	10
155	79	1000	11
268	39	800	10
15	79	1000	93
80	39	1000	30
277	109	800	5
189	39	1000	9
199	49	1000	8
23	47	1000	83
90	79	1000	25
244	33	1000	1
265	109	800	11
274	49	800	7
186	33	1000	9
161	59	1000	11
183	99	1000	10
263	39	800	15
124	109	1000	17
154	99	1000	11
114	109	1000	20
142	33	1000	13
234	39	1000	3
154	99	1000	11
81	49	1000	29
277	109	800	5
71	39	1000	36
73	39	1000	35
273	109	800	7
53	39	1000	46
44	33	1000	48
234	39	1000	3
15	79	1000	93
54	79	1000	46
255	79	1000	0
272	39	800	7
280	109	800	3
151	49	1000	11
42	33	1000	48
16	79	1000	93
56	79	1000	44
186	33	1000	9
165	99	1000	11
157	79	1000	11
228	39	1000	4
166	39	1000	11
193	39	1000	9
165	99	1000	11
29	79	1000	68
151	49	1000	11
15	79	1000	93
124	109	1000	17
267	79	800	11
158	79	1000	11
134	33	1000	14
63	79	1000	43
20	79	1000	86
20	79	1000	86
47	79	1000	48
71	79	1000	36
20	79	1000	86
216	59	1000	5
83	79	1000	28
21	79	1000	86
109	59	1000	23
16	79	1000	93
137	33	1000	13
58	59	1000	44
252	39	1000	0
163	99	1000	11
46	39	1000	48
31	79	1000	65
246	39	1000	1
50	46	1000	47
262	79	800	15
15	79	1000	93
30	79	1000	66
15	79	1000	93
23	47	1000	83
77	49	1000	34
251	79	1000	0
133	59	1000	14
13	79	1000	95
16	79	1000	93
16	79	1000	93
137	33	1000	13
34	79	1000	61
188	46	1000	9
100	39	1000	24
115	39	1000	19
73	79	1000	35
4	59	1000	157
273	109	800	7
210	33	1000	6
224	59	1000	4
86	39	1000	27
242	39	1000	2
193	79	1000	9
86	79	1000	27
39	79	1000	49
224	59	1000	4
150	109	1000	12
15	79	1000	93
34	79	1000	61
275	109	800	7
98	79	1000	24
34	79	1000	61
203	59	1000	7
256	79	1000	0
7	33	1000	129
250	59	1000	0
160	39	1000	11
153	39	1000	11
194	39	1000	9
258	79	800	29
104	46	1000	23
165	99	1000	11
253	59	1000	0
279	59	800	3
164	99	1000	11
16	79	1000	93
277	109	800	5
13	79	1000	95
15	79	1000	93
275	109	800	7
67	79	1000	41
165	99	1000	11
270	59	800	10
194	79	1000	9
71	79	1000	36
227	79	1000	4
98	79	1000	24
271	59	800	10
47	79	1000	48
219	39	1000	5
251	79	1000	0
104	46	1000	23
56	79	1000	44
193	39	1000	9
57	79	1000	44
16	79	1000	93
246	39	1000	1
276	109	800	5
42	33	1000	48
3	47	1000	166
202	41	1000	7
122	33	1000	17
164	99	1000	11
23	47	1000	83
23	47	1000	83
280	109	800	3
202	41	1000	7
179	39	1000	10
119	79	1000	18
13	79	1000	95
103	39	1000	24
269	39	800	10
141	109	1000	13
150	109	1000	12
22	47	1000	83
39	79	1000	49
24	33	1000	80
190	39	1000	9
12	79	1000	96
164	99	1000	11
255	79	1000	0
55	39	1000	46
246	39	1000	1
38	42	1000	49
226	39	1000	4
52	79	1000	46
136	33	1000	13
140	49	1000	13
133	59	1000	14
273	109	800	7
82	79	1000	29
47	79	1000	48
99	79	1000	24
205	33	1000	7
12	79	1000	96
16	79	1000	93
276	109	800	5
43	33	1000	48
16	79	1000	93
12	79	1000	96
118	109	1000	18
16	79	1000	93
51	33	1000	46
245	39	1000	1
16	79	1000	93
12	79	1000	96
83	79	1000	28
22	47	1000	83
16	79	1000	93
259	79	800	29
241	79	1000	2
199	49	1000	8
187	39	1000	9
118	109	1000	18
15	79	1000	93
219	39	1000	5
15	79	1000	93
56	79	1000	44
68	33	1000	40
230	59	1000	3
12	79	1000	96
47	59	1000	48
268	39	800	10
145	79	1000	12
31	79	1000	65
200	33	1000	8
262	79	800	15
204	99	1000	7
222	39	1000	4
274	109	800	7
112	109	1000	21
241	79	1000	2
220	39	1000	4
70	39	1000	36
164	99	1000	11
183	99	1000	10
161	59	1000	11
150	109	1000	12
54	79	1000	46
273	49	800	7
16	79	1000	93
167	59	1000	11
271	59	800	10
268	39	800	10
65	59	1000	42
38	42	1000	49
242	39	1000	2
66	79	1000	42
165	99	1000	11
93	59	1000	25
43	33	1000	48
165	99	1000	11
146	79	1000	12
72	39	1000	36
66	79	1000	42
275	109	800	7
100	39	1000	24
34	79	1000	61
180	33	1000	10
278	39	800	4
245	39	1000	1
262	39	800	15
273	109	800	7
274	109	800	7
106	33	1000	23
150	109	1000	12
52	79	1000	46
121	46	1000	17
33	79	1000	62
134	33	1000	14
57	79	1000	44
188	46	1000	9
64	79	1000	42
21	79	1000	86
16	79	1000	93
169	99	1000	11
145	79	1000	12
23	47	1000	83
212	59	1000	5
183	99	1000	10
227	79	1000	4
15	79	1000	93
144	39	1000	12
61	59	1000	43
41	59	1000	48
227	79	1000	4
257	109	800	31
20	79	1000	86
259	79	800	29
115	39	1000	19
105	33	1000	23
110	59	1000	22
29	79	1000	68
279	59	800	3
129	33	1000	15
154	99	1000	11
274	109	800	7
112	109	1000	21
121	46	1000	17
129	33	1000	15
98	79	1000	24
167	59	1000	11
217	33	1000	5
12	79	1000	96
62	59	1000	43
66	79	1000	42
39	79	1000	49
13	79	1000	95
49	42	1000	47
193	39	1000	9
43	33	1000	48
81	49	1000	29
157	79	1000	11
263	79	800	15
103	39	1000	24
16	79	1000	93
117	109	1000	18
265	109	800	11
197	39	1000	8
255	79	1000	0
38	42	1000	49
218	39	1000	5
144	39	1000	12
77	49	1000	34
266	109	800	11
41	59	1000	48
233	39	1000	3
259	79	800	29
251	79	1000	0
127	119	1000	16
15	79	1000	93
198	39	1000	8
207	59	1000	6
148	39	1000	12
188	46	1000	9
65	59	1000	42
13	79	1000	95
99	39	1000	24
15	79	1000	93
38	42	1000	49
222	39	1000	4
98	79	1000	24
113	115	1000	20
51	33	1000	46
16	79	1000	93
52	39	1000	46
61	59	1000	43
196	39	1000	9
122	33	1000	17
8	79	1000	125
95	59	1000	25
131	33	1000	15
16	79	1000	93
13	79	1000	95
165	99	1000	11
16	79	1000	93
45	39	1000	48
16	79	1000	93
86	39	1000	27
112	109	1000	21
266	49	800	11
15	79	1000	93
173	59	1000	11
216	59	1000	5
20	79	1000	86
1	59	1000	176
15	79	1000	93
85	79	1000	28
262	79	800	15
280	109	800	3
171	79	1000	11
141	109	1000	13
33	79	1000	62
15	79	1000	93
232	39	1000	3
115	39	1000	19
164	99	1000	11
15	79	1000	93
164	99	1000	11
124	109	1000	17
98	79	1000	24
29	79	1000	68
279	59	800	3
140	49	1000	13
255	79	1000	0
66	79	1000	42
144	39	1000	12
142	33	1000	13
69	79	1000	38
21	79	1000	86
39	79	1000	49
246	39	1000	1
66	79	1000	42
138	79	1000	13
196	79	1000	9
239	59	1000	2
28	59	1000	72
95	59	1000	25
16	79	1000	93
56	79	1000	44
4	59	1000	157
263	79	800	15
259	79	800	29
12	79	1000	96
124	109	1000	17
12	79	1000	96
114	109	1000	20
259	79	800	29
9	33	1000	124
38	42	1000	49
62	79	1000	43
237	59	1000	3
15	79	1000	93
212	59	1000	5
169	99	1000	11
18	33	1000	87
83	79	1000	28
125	49	1000	17
205	33	1000	7
164	99	1000	11
112	109	1000	21
13	79	1000	95
240	79	1000	2
21	79	1000	86
231	33	1000	3
56	79	1000	44
34	79	1000	61
34	79	1000	61
126	33	1000	16
97	39	1000	24
209	33	1000	6
267	79	800	11
219	79	1000	5
9	33	1000	124
16	79	1000	93
145	79	1000	12
146	79	1000	12
83	79	1000	28
146	79	1000	12
232	39	1000	3
18	33	1000	87
161	99	1000	11
251	79	1000	0
232	39	1000	3
213	39	1000	5
113	83	1000	20
15	79	1000	93
56	79	1000	44
183	99	1000	10
273	49	800	7
274	109	800	7
43	33	1000	48
110	59	1000	22
67	79	1000	41
119	79	1000	18
102	59	1000	24
196	39	1000	9
280	109	800	3
68	33	1000	40
128	109	1000	16
107	33	1000	23
83	79	1000	28
16	79	1000	93
3	47	1000	166
13	79	1000	95
153	39	1000	11
32	79	1000	64
210	33	1000	6
219	39	1000	5
1	59	1000	176
274	109	800	7
83	79	1000	28
107	33	1000	23
1	59	1000	176
15	79	1000	93
273	109	800	7
198	39	1000	8
261	61	800	23
31	79	1000	65
145	79	1000	12
50	46	1000	47
148	39	1000	12
20	79	1000	86
63	79	1000	43
271	59	800	10
249	59	1000	0
280	109	800	3
113	83	1000	20
67	79	1000	41
54	79	1000	46
101	33	1000	24
258	79	800	29
59	79	1000	44
104	46	1000	23
73	79	1000	35
15	79	1000	93
246	39	1000	1
41	59	1000	48
67	79	1000	41
164	99	1000	11
110	59	1000	22
171	79	1000	11
16	79	1000	93
176	59	1000	10
153	39	1000	11
216	59	1000	5
16	79	1000	93
48	33	1000	47
114	109	1000	20
266	49	800	11
161	59	1000	11
81	49	1000	29
149	39	1000	12
33	79	1000	62
263	79	800	15
50	46	1000	47
144	39	1000	12
92	79	1000	25
253	59	1000	0
97	39	1000	24
166	39	1000	11
16	79	1000	93
203	59	1000	7
115	39	1000	19
116	49	1000	19
32	79	1000	64
166	39	1000	11
16	79	1000	93
202	41	1000	7
179	39	1000	10
40	59	1000	48
112	109	1000	21
274	109	800	7
65	59	1000	42
15	79	1000	93
7	33	1000	129
26	59	1000	78
57	79	1000	44
134	33	1000	14
145	79	1000	12
63	79	1000	43
16	79	1000	93
259	79	800	29
5	46	1000	148
20	79	1000	86
16	79	1000	93
33	79	1000	62
274	109	800	7
222	39	1000	4
276	109	800	5
23	47	1000	83
263	39	800	15
39	79	1000	49
27	79	1000	73
120	79	1000	18
210	33	1000	6
145	79	1000	12
262	39	800	15
83	79	1000	28
30	79	1000	66
58	59	1000	44
57	79	1000	44
165	99	1000	11
17	33	1000	90
12	79	1000	96
100	79	1000	24
20	79	1000	86
241	79	1000	2
277	109	800	5
116	49	1000	19
20	79	1000	86
274	109	800	7
78	33	1000	32
54	79	1000	46
62	79	1000	43
234	39	1000	3
258	79	800	29
278	39	800	4
119	79	1000	18
265	49	800	11
97	79	1000	24
274	109	800	7
15	79	1000	93
18	33	1000	87
143	59	1000	12
40	59	1000	48
90	79	1000	25
56	79	1000	44
82	79	1000	29
270	59	800	10
218	39	1000	5
227	79	1000	4
90	79	1000	25
281	109	800	2
16	79	1000	93
35	59	1000	59
74	33	1000	34
114	109	1000	20
276	109	800	5
137	33	1000	13
66	79	1000	42
172	39	1000	11
134	33	1000	14
280	109	800	3
22	47	1000	83
132	59	1000	14
15	79	1000	93
34	79	1000	61
79	39	1000	32
35	59	1000	59
16	79	1000	93
206	59	1000	6
224	59	1000	4
254	59	1000	0
56	79	1000	44
268	39	800	10
125	49	1000	17
15	79	1000	93
191	79	1000	9
109	59	1000	23
47	79	1000	48
83	79	1000	28
39	79	1000	49
281	109	800	2
186	33	1000	9
153	39	1000	11
16	79	1000	93
112	109	1000	21
52	39	1000	46
268	39	800	10
56	79	1000	44
206	59	1000	6
237	59	1000	3
274	109	800	7
61	59	1000	43
59	79	1000	44
198	39	1000	8
68	33	1000	40
240	79	1000	2
113	115	1000	20
269	79	800	10
15	79	1000	93
203	59	1000	7
33	79	1000	62
19	33	1000	87
59	79	1000	44
172	39	1000	11
112	109	1000	21
85	79	1000	28
95	59	1000	25
272	39	800	7
159	39	1000	11
21	79	1000	86
1	59	1000	176
31	79	1000	65
236	33	1000	3
44	33	1000	48
20	79	1000	86
21	79	1000	86
91	39	1000	25
279	59	800	3
21	79	1000	86
241	79	1000	2
199	49	1000	8
260	61	800	23
15	79	1000	93
53	39	1000	46
274	49	800	7
280	109	800	3
167	59	1000	11
171	79	1000	11
182	39	1000	10
270	59	800	10
128	109	1000	16
15	79	1000	93
147	39	1000	12
167	59	1000	11
270	59	800	10
267	79	800	11
17	33	1000	90
29	79	1000	68
271	59	800	10
17	33	1000	90
153	39	1000	11
238	59	1000	3
15	79	1000	93
165	99	1000	11
226	39	1000	4
263	39	800	15
94	59	1000	25
13	79	1000	95
114	109	1000	20
121	46	1000	17
4	59	1000	157
137	33	1000	13
274	109	800	7
216	59	1000	5
193	39	1000	9
20	79	1000	86
90	79	1000	25
16	79	1000	93
164	99	1000	11
97	39	1000	24
97	79	1000	24
259	79	800	29
101	33	1000	24
37	47	1000	50
20	79	1000	86
260	61	800	23
242	39	1000	2
71	79	1000	36
15	79	1000	93
146	79	1000	12
150	109	1000	12
251	79	1000	0
257	109	800	31
279	59	800	3
233	39	1000	3
274	109	800	7
241	79	1000	2
12	79	1000	96
91	39	1000	25
67	79	1000	41
96	59	1000	25
184	33	1000	10
64	79	1000	42
16	79	1000	93
251	79	1000	0
280	109	800	3
243	79	1000	1
266	109	800	11
159	39	1000	11
48	33	1000	47
98	79	1000	24
16	79	1000	93
227	79	1000	4
9	33	1000	124
16	79	1000	93
73	79	1000	35
229	59	1000	3
160	39	1000	11
15	79	1000	93
165	99	1000	11
13	79	1000	95
63	79	1000	43
100	39	1000	24
170	59	1000	11
263	79	800	15
100	79	1000	24
16	79	1000	93
68	33	1000	40
258	79	800	29
15	79	1000	93
13	79	1000	95
257	109	800	31
177	59	1000	10
77	49	1000	34
208	33	1000	6
219	39	1000	5
60	33	1000	43
185	49	1000	9
273	109	800	7
219	39	1000	5
238	59	1000	3
251	79	1000	0
97	79	1000	24
199	49	1000	8
29	79	1000	68
109	59	1000	23
15	79	1000	93
219	79	1000	5
274	109	800	7
57	79	1000	44
165	99	1000	11
165	99	1000	11
196	79	1000	9
2	47	1000	167
158	79	1000	11
141	109	1000	13
262	79	800	15
92	79	1000	25
33	79	1000	62
199	49	1000	8
258	79	800	29
207	59	1000	6
105	33	1000	23
156	79	1000	11
202	41	1000	7
16	79	1000	93
58	59	1000	44
42	33	1000	48
181	39	1000	10
;

param Nivel:
#	tempo	largura	rack
	1	2	3	:=
1	0	3200	1
2	1	3200	1
3	2	3200	1
4	4	3200	1
5	5	3200	1
6	7	3200	1
7	9	3200	1
8	12	3200	1
9	14	3200	1
10	17	3200	1
11	1	3200	2
12	2	3200	2
13	3	3200	2
14	5	3200	2
15	6	3200	2
16	8	3200	2
17	10	3200	2
18	13	3200	2
19	15	3200	2
20	18	3200	2
21	2	3200	3
22	3	3200	3
23	4	3200	3
24	6	3200	3
25	7	3200	3
26	9	3200	3
27	11	3200	3
28	14	3200	3
29	16	3200	3
30	19	3200	3
31	3	3200	4
32	4	3200	4
33	5	3200	4
34	7	3200	4
35	8	3200	4
36	10	3200	4
37	12	3200	4
38	15	3200	4
39	17	3200	4
40	20	3200	4
41	4	3200	5
42	5	3200	5
43	6	3200	5
44	8	3200	5
45	9	3200	5
46	11	3200	5
47	13	3200	5
48	16	3200	5
49	18	3200	5
50	21	3200	5
51	5	3200	6
52	6	3200	6
53	7	3200	6
54	9	3200	6
55	10	3200	6
56	12	3200	6
57	14	3200	6
58	17	3200	6
59	19	3200	6
60	22	3200	6
61	6	3200	7
62	7	3200	7
63	8	3200	7
64	10	3200	7
65	11	3200	7
66	13	3200	7
67	15	3200	7
68	18	3200	7
69	20	3200	7
70	23	3200	7
71	7	3200	8
72	8	3200	8
73	9	3200	8
74	11	3200	8
75	12	3200	8
76	14	3200	8
77	16	3200	8
78	19	3200	8
79	21	3200	8
80	24	3200	8
81	8	3200	9
82	9	3200	9
83	10	3200	9
84	12	3200	9
85	13	3200	9
86	15	3200	9
87	17	3200	9
88	20	3200	9
89	22	3200	9
90	25	3200	9
91	9	3200	10
92	10	3200	10
93	11	3200	10
94	13	3200	10
95	14	3200	10
96	16	3200	10
97	18	3200	10
98	21	3200	10
99	23	3200	10
100	26	3200	10
101	10	3200	11
102	11	3200	11
103	12	3200	11
104	14	3200	11
105	15	3200	11
106	17	3200	11
107	19	3200	11
108	22	3200	11
109	24	3200	11
110	27	3200	11
111	11	3200	12
112	12	3200	12
113	13	3200	12
114	15	3200	12
115	16	3200	12
116	18	3200	12
117	20	3200	12
118	23	3200	12
119	25	3200	12
120	28	3200	12
121	0	3200	13
122	1	3200	13
123	2	3200	13
124	4	3200	13
125	5	3200	13
126	7	3200	13
127	9	3200	13
128	12	3200	13
129	14	3200	13
130	17	3200	13
131	1	3200	14
132	2	3200	14
133	3	3200	14
134	5	3200	14
135	6	3200	14
136	8	3200	14
137	10	3200	14
138	13	3200	14
139	15	3200	14
140	18	3200	14
141	2	3200	15
142	3	3200	15
143	4	3200	15
144	6	3200	15
145	7	3200	15
146	9	3200	15
147	11	3200	15
148	14	3200	15
149	16	3200	15
150	19	3200	15
151	3	3200	16
152	4	3200	16
153	5	3200	16
154	7	3200	16
155	8	3200	16
156	10	3200	16
157	12	3200	16
158	15	3200	16
159	17	3200	16
160	20	3200	16
161	4	3200	17
162	5	3200	17
163	6	3200	17
164	8	3200	17
165	9	3200	17
166	11	3200	17
167	13	3200	17
168	16	3200	17
169	18	3200	17
170	21	3200	17
171	5	3200	18
172	6	3200	18
173	7	3200	18
174	9	3200	18
175	10	3200	18
176	12	3200	18
177	14	3200	18
178	17	3200	18
179	19	3200	18
180	22	3200	18
181	6	3200	19
182	7	3200	19
183	8	3200	19
184	10	3200	19
185	11	3200	19
186	13	3200	19
187	15	3200	19
188	18	3200	19
189	20	3200	19
190	23	3200	19
191	7	3200	20
192	8	3200	20
193	9	3200	20
194	11	3200	20
195	12	3200	20
196	14	3200	20
197	16	3200	20
198	19	3200	20
199	21	3200	20
200	24	3200	20
201	8	3200	21
202	9	3200	21
203	10	3200	21
204	12	3200	21
205	13	3200	21
206	15	3200	21
207	17	3200	21
208	20	3200	21
209	22	3200	21
210	25	3200	21
211	9	3200	22
212	10	3200	22
213	11	3200	22
214	13	3200	22
215	14	3200	22
216	16	3200	22
217	18	3200	22
218	21	3200	22
219	23	3200	22
220	26	3200	22
221	10	3200	23
222	11	3200	23
223	12	3200	23
224	14	3200	23
225	15	3200	23
226	17	3200	23
227	19	3200	23
228	22	3200	23
229	24	3200	23
230	27	3200	23
231	11	3200	24
232	12	3200	24
233	13	3200	24
234	15	3200	24
235	16	3200	24
236	18	3200	24
237	20	3200	24
238	23	3200	24
239	25	3200	24
240	28	3200	24
241	2	3200	25
242	3	3200	25
243	4	3200	25
244	6	3200	25
245	7	3200	25
246	9	3200	25
247	11	3200	25
248	14	3200	25
249	16	3200	25
250	19	3200	25
251	3	3200	26
252	4	3200	26
253	5	3200	26
254	7	3200	26
255	8	3200	26
256	10	3200	26
257	12	3200	26
258	15	3200	26
259	17	3200	26
260	20	3200	26
261	4	3200	27
262	5	3200	27
263	6	3200	27
264	8	3200	27
265	9	3200	27
266	11	3200	27
267	13	3200	27
268	16	3200	27
269	18	3200	27
270	21	3200	27
271	5	3200	28
272	6	3200	28
273	7	3200	28
274	9	3200	28
275	10	3200	28
276	12	3200	28
277	14	3200	28
278	17	3200	28
279	19	3200	28
280	22	3200	28
281	6	3200	29
282	7	3200	29
283	8	3200	29
284	10	3200	29
285	11	3200	29
286	13	3200	29
287	15	3200	29
288	18	3200	29
289	20	3200	29
290	23	3200	29
291	7	3200	30
292	8	3200	30
293	9	3200	30
294	11	3200	30
295	12	3200	30
296	14	3200	30
297	16	3200	30
298	19	3200	30
299	21	3200	30
300	24	3200	30
301	8	3200	31
302	9	3200	31
303	10	3200	31
304	12	3200	31
305	13	3200	31
306	15	3200	31
307	17	3200	31
308	20	3200	31
309	22	3200	31
310	25	3200	31
311	9	3200	32
312	10	3200	32
313	11	3200	32
314	13	3200	32
315	14	3200	32
316	16	3200	32
317	18	3200	32
318	21	3200	32
319	23	3200	32
320	26	3200	32
321	10	3200	33
322	11	3200	33
323	12	3200	33
324	14	3200	33
325	15	3200	33
326	17	3200	33
327	19	3200	33
328	22	3200	33
329	24	3200	33
330	27	3200	33
331	11	3200	34
332	12	3200	34
333	13	3200	34
334	15	3200	34
335	16	3200	34
336	18	3200	34
337	20	3200	34
338	23	3200	34
339	25	3200	34
340	28	3200	34
341	12	3200	35
342	13	3200	35
343	14	3200	35
344	16	3200	35
345	17	3200	35
346	19	3200	35
347	21	3200	35
348	24	3200	35
349	26	3200	35
350	29	3200	35
351	13	3200	36
352	14	3200	36
353	15	3200	36
354	17	3200	36
355	18	3200	36
356	20	3200	36
357	22	3200	36
358	25	3200	36
359	27	3200	36
360	30	3200	36
361	2	3200	37
362	3	3200	37
363	4	3200	37
364	6	3200	37
365	7	3200	37
366	9	3200	37
367	11	3200	37
368	14	3200	37
369	16	3200	37
370	19	3200	37
371	3	3200	38
372	4	3200	38
373	5	3200	38
374	7	3200	38
375	8	3200	38
376	10	3200	38
377	12	3200	38
378	15	3200	38
379	17	3200	38
380	20	3200	38
381	4	3200	39
382	5	3200	39
383	6	3200	39
384	8	3200	39
385	9	3200	39
386	11	3200	39
387	13	3200	39
388	16	3200	39
389	18	3200	39
390	21	3200	39
391	5	3200	40
392	6	3200	40
393	7	3200	40
394	9	3200	40
395	10	3200	40
396	12	3200	40
397	14	3200	40
398	17	3200	40
399	19	3200	40
400	22	3200	40
401	6	3200	41
402	7	3200	41
403	8	3200	41
404	10	3200	41
405	11	3200	41
406	13	3200	41
407	15	3200	41
408	18	3200	41
409	20	3200	41
410	23	3200	41
411	7	3200	42
412	8	3200	42
413	9	3200	42
414	11	3200	42
415	12	3200	42
416	14	3200	42
417	16	3200	42
418	19	3200	42
419	21	3200	42
420	24	3200	42
421	8	3200	43
422	9	3200	43
423	10	3200	43
424	12	3200	43
425	13	3200	43
426	15	3200	43
427	17	3200	43
428	20	3200	43
429	22	3200	43
430	25	3200	43
431	9	3200	44
432	10	3200	44
433	11	3200	44
434	13	3200	44
435	14	3200	44
436	16	3200	44
437	18	3200	44
438	21	3200	44
439	23	3200	44
440	26	3200	44
441	10	3200	45
442	11	3200	45
443	12	3200	45
444	14	3200	45
445	15	3200	45
446	17	3200	45
447	19	3200	45
448	22	3200	45
449	24	3200	45
450	27	3200	45
451	11	3200	46
452	12	3200	46
453	13	3200	46
454	15	3200	46
455	16	3200	46
456	18	3200	46
457	20	3200	46
458	23	3200	46
459	25	3200	46
460	28	3200	46
461	12	3200	47
462	13	3200	47
463	14	3200	47
464	16	3200	47
465	17	3200	47
466	19	3200	47
467	21	3200	47
468	24	3200	47
469	26	3200	47
470	29	3200	47
471	13	3200	48
472	14	3200	48
473	15	3200	48
474	17	3200	48
475	18	3200	48
476	20	3200	48
477	22	3200	48
478	25	3200	48
479	27	3200	48
480	30	3200	48
481	12	3200	49
482	13	3200	49
483	14	3200	49
484	16	3200	49
485	17	3200	49
486	19	3200	49
487	21	3200	49
488	24	3200	49
489	26	3200	49
490	29	3200	49
491	14	3200	50
492	15	3200	50
493	16	3200	50
494	18	3200	50
495	19	3200	50
496	21	3200	50
497	23	3200	50
498	26	3200	50
499	28	3200	50
500	31	3200	50
;