param N_paletes:=300;

param N_Niveis:=500;

param N_Racks:=50;

param Palete:
#	Referencia	Altura	Largura	Taxa de >Utilizacao
	1	2	3	4:=
1	79	39	1000	32
2	146	79	1000	12
3	20	79	1000	86
4	39	79	1000	49
5	21	79	1000	86
6	76	59	1000	34
7	161	59	1000	11
8	56	79	1000	44
9	241	79	1000	2
10	181	39	1000	10
11	16	79	1000	93
12	216	59	1000	5
13	235	39	1000	3
14	139	49	1000	13
15	116	49	1000	19
16	16	79	1000	93
17	242	39	1000	2
18	146	79	1000	12
19	54	79	1000	46
20	169	99	1000	11
21	54	79	1000	46
22	251	79	1000	0
23	20	79	1000	86
24	85	79	1000	28
25	254	59	1000	0
26	15	79	1000	93
27	208	33	1000	6
28	98	79	1000	24
29	16	79	1000	93
30	98	79	1000	24
31	67	79	1000	41
32	164	99	1000	11
33	153	39	1000	11
34	29	79	1000	68
35	12	79	1000	96
36	204	59	1000	7
37	28	59	1000	72
38	71	79	1000	36
39	89	39	1000	26
40	205	33	1000	7
41	54	79	1000	46
42	147	39	1000	12
43	6	83.2	1000	144
44	274	49	800	7
45	121	46	1000	17
46	253	59	1000	0
47	52	79	1000	46
48	29	79	1000	68
49	112	109	1000	21
50	277	109	800	5
51	36	33	1000	58
52	16	79	1000	93
53	251	79	1000	0
54	138	79	1000	13
55	258	79	800	29
56	101	33	1000	24
57	171	79	1000	11
58	47	79	1000	48
59	201	41	1000	7
60	15	79	1000	93
61	274	109	800	7
62	169	99	1000	11
63	31	79	1000	65
64	179	39	1000	10
65	86	39	1000	27
66	54	79	1000	46
67	22	47	1000	83
68	232	39	1000	3
69	78	33	1000	32
70	146	79	1000	12
71	257	109	800	31
72	275	109	800	7
73	58	59	1000	44
74	268	79	800	10
75	269	39	800	10
76	247	39	1000	1
77	16	79	1000	93
78	98	79	1000	24
79	3	47	1000	166
80	146	79	1000	12
81	258	79	800	29
82	90	79	1000	25
83	242	39	1000	2
84	85	79	1000	28
85	70	39	1000	36
86	86	39	1000	27
87	124	109	1000	17
88	16	79	1000	93
89	16	79	1000	93
90	251	79	1000	0
91	38	42	1000	49
92	172	39	1000	11
93	198	39	1000	8
94	56	79	1000	44
95	113	115	1000	20
96	29	79	1000	68
97	145	79	1000	12
98	165	99	1000	11
99	124	109	1000	17
100	275	109	800	7
101	15	79	1000	93
102	227	79	1000	4
103	136	33	1000	13
104	16	79	1000	93
105	110	59	1000	22
106	99	79	1000	24
107	101	33	1000	24
108	16	79	1000	93
109	15	79	1000	93
110	110	59	1000	22
111	62	59	1000	43
112	151	49	1000	11
113	161	59	1000	11
114	263	39	800	15
115	92	79	1000	25
116	5	46	1000	148
117	59	79	1000	44
118	159	39	1000	11
119	273	109	800	7
120	27	79	1000	73
121	124	109	1000	17
122	280	109	800	3
123	157	79	1000	11
124	281	109	800	2
125	140	49	1000	13
126	15	79	1000	93
127	185	79	1000	9
128	191	79	1000	9
129	16	79	1000	93
130	67	79	1000	41
131	83	79	1000	28
132	137	33	1000	13
133	4	59	1000	157
134	276	109	800	5
135	21	79	1000	86
136	1	59	1000	176
137	211	59	1000	5
138	118	109	1000	18
139	188	46	1000	9
140	185	79	1000	9
141	15	79	1000	93
142	71	39	1000	36
143	67	79	1000	41
144	15	79	1000	93
145	16	79	1000	93
146	15	79	1000	93
147	204	59	1000	7
148	127	119	1000	16
149	104	46	1000	23
150	150	99	1000	12
151	145	79	1000	12
152	42	33	1000	48
153	242	39	1000	2
154	12	79	1000	96
155	149	39	1000	12
156	60	33	1000	43
157	116	49	1000	19
158	78	33	1000	32
159	83	79	1000	28
160	259	79	800	29
161	92	79	1000	25
162	108	33	1000	23
163	258	79	800	29
164	229	59	1000	3
165	279	59	800	3
166	156	79	1000	11
167	83	79	1000	28
168	219	79	1000	5
169	125	49	1000	17
170	16	79	1000	93
171	109	59	1000	23
172	68	33	1000	40
173	52	39	1000	46
174	87	79	1000	27
175	216	59	1000	5
176	16	79	1000	93
177	54	79	1000	46
178	164	99	1000	11
179	120	79	1000	18
180	172	39	1000	11
181	204	99	1000	7
182	194	79	1000	9
183	96	59	1000	25
184	201	41	1000	7
185	15	79	1000	93
186	60	33	1000	43
187	16	79	1000	93
188	72	39	1000	36
189	258	79	800	29
190	16	79	1000	93
191	117	109	1000	18
192	146	79	1000	12
193	16	79	1000	93
194	145	79	1000	12
195	274	109	800	7
196	234	39	1000	3
197	62	59	1000	43
198	179	39	1000	10
199	76	59	1000	34
200	134	33	1000	14
201	164	99	1000	11
202	77	49	1000	34
203	3	47	1000	166
204	251	79	1000	0
205	38	42	1000	49
206	16	79	1000	93
207	63	79	1000	43
208	129	33	1000	15
209	46	39	1000	48
210	238	59	1000	3
211	18	33	1000	87
212	12	79	1000	96
213	113	115	1000	20
214	186	33	1000	9
215	60	33	1000	43
216	10	33	1000	114
217	117	109	1000	18
218	62	79	1000	43
219	1	79	1000	176
220	15	79	1000	93
221	165	99	1000	11
222	24	33	1000	80
223	15	79	1000	93
224	131	33	1000	15
225	12	79	1000	96
226	251	79	1000	0
227	276	109	800	5
228	16	79	1000	93
229	137	33	1000	13
230	136	33	1000	13
231	16	79	1000	93
232	91	39	1000	25
233	171	79	1000	11
234	72	39	1000	36
235	124	109	1000	17
236	74	33	1000	34
237	109	59	1000	23
238	39	79	1000	49
239	83	79	1000	28
240	39	79	1000	49
241	29	79	1000	68
242	178	33	1000	10
243	66	79	1000	42
244	152	33	1000	11
245	59	79	1000	44
246	228	39	1000	4
247	185	49	1000	9
248	16	79	1000	93
249	258	79	800	29
250	18	33	1000	87
251	195	99	1000	9
252	281	109	800	2
253	83	79	1000	28
254	50	46	1000	47
255	67	79	1000	41
256	15	79	1000	93
257	16	79	1000	93
258	94	59	1000	25
259	15	79	1000	93
260	45	39	1000	48
261	69	79	1000	38
262	224	59	1000	4
263	117	109	1000	18
264	99	79	1000	24
265	100	79	1000	24
266	167	59	1000	11
267	42	33	1000	48
268	27	79	1000	73
269	256	79	1000	0
270	16	79	1000	93
271	16	79	1000	93
272	12	79	1000	96
273	29	79	1000	68
274	196	79	1000	9
275	85	79	1000	28
276	75	39	1000	34
277	101	33	1000	24
278	248	39	1000	1
279	20	79	1000	86
280	165	99	1000	11
281	241	79	1000	2
282	16	79	1000	93
283	15	79	1000	93
284	39	79	1000	49
285	168	59	1000	11
286	133	59	1000	14
287	266	109	800	11
288	69	79	1000	38
289	214	39	1000	5
290	83	79	1000	28
291	87	39	1000	27
292	125	49	1000	17
293	49	42	1000	47
294	273	109	800	7
295	273	49	800	7
296	75	39	1000	34
297	127	119	1000	16
298	12	79	1000	96
299	229	59	1000	3
300	16	79	1000	93
;

param Nivel:
#	tempo	largura	rack					
	1	2	3	:=
1	0	3200	1	
2	1	3200	1	
3	2	3200	1	
4	4	3200	1	
5	5	3200	1	
6	7	3200	1	
7	9	3200	1	
8	12	3200	1	
9	14	3200	1	
10	17	3200	1	
11	1	3200	2	
12	2	3200	2	
13	3	3200	2	
14	5	3200	2	
15	6	3200	2	
16	8	3200	2	
17	10	3200	2	
18	13	3200	2	
19	15	3200	2	
20	18	3200	2	
21	2	3200	3	
22	3	3200	3	
23	4	3200	3	
24	6	3200	3	
25	7	3200	3	
26	9	3200	3	
27	11	3200	3	
28	14	3200	3	
29	16	3200	3	
30	19	3200	3	
31	3	3200	4	
32	4	3200	4	
33	5	3200	4	
34	7	3200	4	
35	8	3200	4	
36	10	3200	4	
37	12	3200	4	
38	15	3200	4	
39	17	3200	4	
40	20	3200	4	
41	4	3200	5	
42	5	3200	5	
43	6	3200	5	
44	8	3200	5	
45	9	3200	5	
46	11	3200	5	
47	13	3200	5	
48	16	3200	5	
49	18	3200	5	
50	21	3200	5	
51	5	3200	6	
52	6	3200	6	
53	7	3200	6	
54	9	3200	6	
55	10	3200	6	
56	12	3200	6	
57	14	3200	6	
58	17	3200	6	
59	19	3200	6	
60	22	3200	6	
61	6	3200	7	
62	7	3200	7	
63	8	3200	7	
64	10	3200	7	
65	11	3200	7	
66	13	3200	7	
67	15	3200	7	
68	18	3200	7	
69	20	3200	7	
70	23	3200	7	
71	6	3200	8	
72	7	3200	8	
73	8	3200	8	
74	10	3200	8	
75	11	3200	8	
76	13	3200	8	
77	15	3200	8	
78	18	3200	8	
79	20	3200	8	
80	23	3200	8	
81	8	3200	9	
82	9	3200	9	
83	10	3200	9	
84	12	3200	9	
85	13	3200	9	
86	15	3200	9	
87	17	3200	9	
88	20	3200	9	
89	22	3200	9	
90	25	3200	9	
91	9	3200	10	
92	10	3200	10	
93	11	3200	10	
94	13	3200	10	
95	14	3200	10	
96	16	3200	10	
97	18	3200	10	
98	21	3200	10	
99	23	3200	10	
100	26	3200	10	
101	10	3200	11	
102	11	3200	11	
103	12	3200	11	
104	14	3200	11	
105	15	3200	11	
106	17	3200	11	
107	19	3200	11	
108	22	3200	11	
109	24	3200	11	
110	27	3200	11	
111	11	3200	12	
112	12	3200	12	
113	13	3200	12	
114	15	3200	12	
115	16	3200	12	
116	18	3200	12	
117	20	3200	12	
118	23	3200	12	
119	25	3200	12	
120	28	3200	12	
121	12	3200	13	
122	13	3200	13	
123	14	3200	13	
124	16	3200	13	
125	17	3200	13	
126	19	3200	13	
127	21	3200	13	
128	24	3200	13	
129	26	3200	13	
130	29	3200	13	
131	13	3200	14	
132	14	3200	14	
133	15	3200	14	
134	17	3200	14	
135	18	3200	14	
136	20	3200	14	
137	22	3200	14	
138	25	3200	14	
139	27	3200	14	
140	30	3200	14	
141	14	3200	15	
142	15	3200	15	
143	16	3200	15	
144	18	3200	15	
145	19	3200	15	
146	21	3200	15	
147	23	3200	15	
148	26	3200	15	
149	28	3200	15	
150	31	3200	15	
151	15	3200	16	
152	16	3200	16	
153	17	3200	16	
154	19	3200	16	
155	20	3200	16	
156	22	3200	16	
157	24	3200	16	
158	27	3200	16	
159	29	3200	16	
160	32	3200	16	
161	16	3200	17	
162	17	3200	17	
163	18	3200	17	
164	20	3200	17	
165	21	3200	17	
166	23	3200	17	
167	25	3200	17	
168	28	3200	17	
169	30	3200	17	
170	33	3200	17	
171	17	3200	18	
172	18	3200	18	
173	19	3200	18	
174	21	3200	18	
175	22	3200	18	
176	24	3200	18	
177	26	3200	18	
178	29	3200	18	
179	31	3200	18	
180	34	3200	18	
181	18	3200	19	
182	19	3200	19	
183	20	3200	19	
184	22	3200	19	
185	23	3200	19	
186	25	3200	19	
187	27	3200	19	
188	30	3200	19	
189	32	3200	19	
190	35	3200	19	
191	19	3200	20	
192	20	3200	20	
193	21	3200	20	
194	23	3200	20	
195	24	3200	20	
196	26	3200	20	
197	28	3200	20	
198	31	3200	20	
199	33	3200	20	
200	36	3200	20	
201	20	3200	21	
202	21	3200	21	
203	22	3200	21	
204	24	3200	21	
205	25	3200	21	
206	27	3200	21	
207	29	3200	21	
208	32	3200	21	
209	34	3200	21	
210	37	3200	21	
211	21	3200	22	
212	22	3200	22	
213	23	3200	22	
214	25	3200	22	
215	26	3200	22	
216	28	3200	22	
217	30	3200	22	
218	33	3200	22	
219	35	3200	22	
220	38	3200	22	
221	22	3200	23	
222	23	3200	23	
223	24	3200	23	
224	26	3200	23	
225	27	3200	23	
226	29	3200	23	
227	31	3200	23	
228	34	3200	23	
229	36	3200	23	
230	39	3200	23	
231	23	3200	24	
232	24	3200	24	
233	25	3200	24	
234	27	3200	24	
235	28	3200	24	
236	30	3200	24	
237	32	3200	24	
238	35	3200	24	
239	37	3200	24	
240	40	3200	24	
241	24	3200	25	
242	25	3200	25	
243	26	3200	25	
244	28	3200	25	
245	29	3200	25	
246	31	3200	25	
247	33	3200	25	
248	36	3200	25	
249	38	3200	25	
250	41	3200	25	
251	0	3200	26	
252	1	3200	26	
253	2	3200	26	
254	4	3200	26	
255	5	3200	26	
256	7	3200	26	
257	9	3200	26	
258	12	3200	26	
259	14	3200	26	
260	17	3200	26	
261	1	3200	27	
262	2	3200	27	
263	3	3200	27	
264	5	3200	27	
265	6	3200	27	
266	8	3200	27	
267	10	3200	27	
268	13	3200	27	
269	15	3200	27	
270	18	3200	27	
271	2	3200	28	
272	3	3200	28	
273	4	3200	28	
274	6	3200	28	
275	7	3200	28	
276	9	3200	28	
277	11	3200	28	
278	14	3200	28	
279	16	3200	28	
280	19	3200	28	
281	3	3200	29	
282	4	3200	29	
283	5	3200	29	
284	7	3200	29	
285	8	3200	29	
286	10	3200	29	
287	12	3200	29	
288	15	3200	29	
289	17	3200	29	
290	20	3200	29	
291	4	3200	30	
292	5	3200	30	
293	6	3200	30	
294	8	3200	30	
295	9	3200	30	
296	11	3200	30	
297	13	3200	30	
298	16	3200	30	
299	18	3200	30	
300	21	3200	30	
301	5	3200	31	
302	6	3200	31	
303	7	3200	31	
304	9	3200	31	
305	10	3200	31	
306	12	3200	31	
307	14	3200	31	
308	17	3200	31	
309	19	3200	31	
310	22	3200	31	
311	6	3200	32	
312	7	3200	32	
313	8	3200	32	
314	10	3200	32	
315	11	3200	32	
316	13	3200	32	
317	15	3200	32	
318	18	3200	32	
319	20	3200	32	
320	23	3200	32	
321	6	3200	33	
322	7	3200	33	
323	8	3200	33	
324	10	3200	33	
325	11	3200	33	
326	13	3200	33	
327	15	3200	33	
328	18	3200	33	
329	20	3200	33	
330	23	3200	33	
331	8	3200	34	
332	9	3200	34	
333	10	3200	34	
334	12	3200	34	
335	13	3200	34	
336	15	3200	34	
337	17	3200	34	
338	20	3200	34	
339	22	3200	34	
340	25	3200	34	
341	9	3200	35	
342	10	3200	35	
343	11	3200	35	
344	13	3200	35	
345	14	3200	35	
346	16	3200	35	
347	18	3200	35	
348	21	3200	35	
349	23	3200	35	
350	26	3200	35	
351	10	3200	36	
352	11	3200	36	
353	12	3200	36	
354	14	3200	36	
355	15	3200	36	
356	17	3200	36	
357	19	3200	36	
358	22	3200	36	
359	24	3200	36	
360	27	3200	36	
361	11	3200	37	
362	12	3200	37	
363	13	3200	37	
364	15	3200	37	
365	16	3200	37	
366	18	3200	37	
367	20	3200	37	
368	23	3200	37	
369	25	3200	37	
370	28	3200	37	
371	12	3200	38	
372	13	3200	38	
373	14	3200	38	
374	16	3200	38	
375	17	3200	38	
376	19	3200	38	
377	21	3200	38	
378	24	3200	38	
379	26	3200	38	
380	29	3200	38	
381	13	3200	39	
382	14	3200	39	
383	15	3200	39	
384	17	3200	39	
385	18	3200	39	
386	20	3200	39	
387	22	3200	39	
388	25	3200	39	
389	27	3200	39	
390	30	3200	39	
391	14	3200	40	
392	15	3200	40	
393	16	3200	40	
394	18	3200	40	
395	19	3200	40	
396	21	3200	40	
397	23	3200	40	
398	26	3200	40	
399	28	3200	40	
400	31	3200	40	
401	15	3200	41	
402	16	3200	41	
403	17	3200	41	
404	19	3200	41	
405	20	3200	41	
406	22	3200	41	
407	24	3200	41	
408	27	3200	41	
409	29	3200	41	
410	32	3200	41	
411	16	3200	42	
412	17	3200	42	
413	18	3200	42	
414	20	3200	42	
415	21	3200	42	
416	23	3200	42	
417	25	3200	42	
418	28	3200	42	
419	30	3200	42	
420	33	3200	42	
421	17	3200	43	
422	18	3200	43	
423	19	3200	43	
424	21	3200	43	
425	22	3200	43	
426	24	3200	43	
427	26	3200	43	
428	29	3200	43	
429	31	3200	43	
430	34	3200	43	
431	18	3200	44	
432	19	3200	44	
433	20	3200	44	
434	22	3200	44	
435	23	3200	44	
436	25	3200	44	
437	27	3200	44	
438	30	3200	44	
439	32	3200	44	
440	35	3200	44	
441	19	3200	45	
442	20	3200	45	
443	21	3200	45	
444	23	3200	45	
445	24	3200	45	
446	26	3200	45	
447	28	3200	45	
448	31	3200	45	
449	33	3200	45	
450	36	3200	45	
451	20	3200	46	
452	21	3200	46	
453	22	3200	46	
454	24	3200	46	
455	25	3200	46	
456	27	3200	46	
457	29	3200	46	
458	32	3200	46	
459	34	3200	46	
460	37	3200	46	
461	21	3200	47	
462	22	3200	47	
463	23	3200	47	
464	25	3200	47	
465	26	3200	47	
466	28	3200	47	
467	30	3200	47	
468	33	3200	47	
469	35	3200	47	
470	38	3200	47	
471	22	3200	48	
472	23	3200	48	
473	24	3200	48	
474	26	3200	48	
475	27	3200	48	
476	29	3200	48	
477	31	3200	48	
478	34	3200	48	
479	36	3200	48	
480	39	3200	48	
481	23	3200	49	
482	24	3200	49	
483	25	3200	49	
484	27	3200	49	
485	28	3200	49	
486	30	3200	49	
487	32	3200	49	
488	35	3200	49	
489	37	3200	49	
490	40	3200	49	
491	24	3200	50	
492	25	3200	50	
493	26	3200	50	
494	28	3200	50	
495	29	3200	50	
496	31	3200	50	
497	33	3200	50	
498	36	3200	50	
499	38	3200	50	
500	41	3200	50	
;