param N_paletes:=60;

param N_Niveis:=500;

param N_Racks:=50;

param Palete:
#	Referencia	Altura	Largura	Taxa de >Utilizacao
	1	2	3	4:=
1	267	79	800	11
2	276	109	800	5
3	267	79	800	11
4	269	39	800	10
5	266	109	800	11
6	266	49	800	11
7	262	39	800	15
8	274	109	800	7
9	279	59	800	3
10	265	49	800	11
11	262	79	800	15
12	273	109	800	7
13	280	109	800	3
14	273	109	800	7
15	278	39	800	4
16	274	109	800	7
17	259	79	800	29
18	268	39	800	10
19	274	49	800	7
20	280	109	800	3
21	257	109	800	31
22	281	109	800	2
23	260	61	800	23
24	280	109	800	3
25	274	109	800	7
26	274	109	800	7
27	264	79	800	12
28	280	109	800	3
29	263	79	800	15
30	273	109	800	7
31	264	79	800	12
32	266	109	800	11
33	273	109	800	7
34	267	79	800	11
35	275	109	800	7
36	258	79	800	29
37	262	39	800	15
38	273	109	800	7
39	259	79	800	29
40	258	79	800	29
41	266	49	800	11
42	269	79	800	10
43	274	109	800	7
44	280	109	800	3
45	275	109	800	7
46	276	109	800	5
47	274	109	800	7
48	274	109	800	7
49	276	109	800	5
50	274	109	800	7
51	273	109	800	7
52	270	59	800	10
53	274	109	800	7
54	274	109	800	7
55	263	79	800	15
56	269	79	800	10
57	259	79	800	29
58	257	109	800	31
59	260	61	800	23
60	276	109	800	5
;

param Nivel:
#	tempo	largura	rack
	1	2	3	:=
1	1	3200	1
2	2	3200	1
3	3	3200	1
4	5	3200	1
5	6	3200	1
6	8	3200	1
7	10	3200	1
8	13	3200	1
9	15	3200	1
10	18	3200	1
11	2	3200	2
12	3	3200	2
13	4	3200	2
14	6	3200	2
15	7	3200	2
16	9	3200	2
17	11	3200	2
18	14	3200	2
19	16	3200	2
20	19	3200	2
21	3	3200	3
22	4	3200	3
23	5	3200	3
24	7	3200	3
25	8	3200	3
26	10	3200	3
27	12	3200	3
28	15	3200	3
29	17	3200	3
30	20	3200	3
31	4	3200	4
32	5	3200	4
33	6	3200	4
34	8	3200	4
35	9	3200	4
36	11	3200	4
37	13	3200	4
38	16	3200	4
39	18	3200	4
40	21	3200	4
41	5	3200	5
42	6	3200	5
43	7	3200	5
44	9	3200	5
45	10	3200	5
46	12	3200	5
47	14	3200	5
48	17	3200	5
49	19	3200	5
50	22	3200	5
51	1	3200	6
52	2	3200	6
53	3	3200	6
54	5	3200	6
55	6	3200	6
56	8	3200	6
57	10	3200	6
58	13	3200	6
59	15	3200	6
60	18	3200	6
61	2	3200	7
62	3	3200	7
63	4	3200	7
64	6	3200	7
65	7	3200	7
66	9	3200	7
67	11	3200	7
68	14	3200	7
69	16	3200	7
70	19	3200	7
71	3	3200	8
72	4	3200	8
73	5	3200	8
74	7	3200	8
75	8	3200	8
76	10	3200	8
77	12	3200	8
78	15	3200	8
79	17	3200	8
80	20	3200	8
81	4	3200	9
82	5	3200	9
83	6	3200	9
84	8	3200	9
85	9	3200	9
86	11	3200	9
87	13	3200	9
88	16	3200	9
89	18	3200	9
90	21	3200	9
91	5	3200	10
92	6	3200	10
93	7	3200	10
94	9	3200	10
95	10	3200	10
96	12	3200	10
97	14	3200	10
98	17	3200	10
99	19	3200	10
100	22	3200	10
101	5	3200	11
102	6	3200	11
103	7	3200	11
104	9	3200	11
105	10	3200	11
106	12	3200	11
107	14	3200	11
108	17	3200	11
109	19	3200	11
110	22	3200	11
111	4	3200	12
112	5	3200	12
113	6	3200	12
114	8	3200	12
115	9	3200	12
116	11	3200	12
117	13	3200	12
118	16	3200	12
119	18	3200	12
120	21	3200	12
121	3	3200	13
122	4	3200	13
123	5	3200	13
124	7	3200	13
125	8	3200	13
126	10	3200	13
127	12	3200	13
128	15	3200	13
129	17	3200	13
130	20	3200	13
131	2	3200	14
132	3	3200	14
133	4	3200	14
134	6	3200	14
135	7	3200	14
136	9	3200	14
137	11	3200	14
138	14	3200	14
139	16	3200	14
140	19	3200	14
141	1	3200	15
142	2	3200	15
143	3	3200	15
144	5	3200	15
145	6	3200	15
146	8	3200	15
147	10	3200	15
148	13	3200	15
149	15	3200	15
150	18	3200	15
151	1	3200	16
152	2	3200	16
153	3	3200	16
154	5	3200	16
155	6	3200	16
156	8	3200	16
157	10	3200	16
158	13	3200	16
159	15	3200	16
160	18	3200	16
161	2	3200	17
162	3	3200	17
163	4	3200	17
164	6	3200	17
165	7	3200	17
166	9	3200	17
167	11	3200	17
168	14	3200	17
169	16	3200	17
170	19	3200	17
171	3	3200	18
172	4	3200	18
173	5	3200	18
174	7	3200	18
175	8	3200	18
176	10	3200	18
177	12	3200	18
178	15	3200	18
179	17	3200	18
180	20	3200	18
181	4	3200	19
182	5	3200	19
183	6	3200	19
184	8	3200	19
185	9	3200	19
186	11	3200	19
187	13	3200	19
188	16	3200	19
189	18	3200	19
190	21	3200	19
191	5	3200	20
192	6	3200	20
193	7	3200	20
194	9	3200	20
195	10	3200	20
196	12	3200	20
197	14	3200	20
198	17	3200	20
199	19	3200	20
200	22	3200	20
201	8	3200	21
202	9	3200	21
203	10	3200	21
204	12	3200	21
205	13	3200	21
206	15	3200	21
207	17	3200	21
208	20	3200	21
209	22	3200	21
210	25	3200	21
211	7	3200	22
212	8	3200	22
213	9	3200	22
214	11	3200	22
215	12	3200	22
216	14	3200	22
217	16	3200	22
218	19	3200	22
219	21	3200	22
220	24	3200	22
221	6	3200	23
222	7	3200	23
223	8	3200	23
224	10	3200	23
225	11	3200	23
226	13	3200	23
227	15	3200	23
228	18	3200	23
229	20	3200	23
230	23	3200	23
231	5	3200	24
232	6	3200	24
233	7	3200	24
234	9	3200	24
235	10	3200	24
236	12	3200	24
237	14	3200	24
238	17	3200	24
239	19	3200	24
240	22	3200	24
241	4	3200	25
242	5	3200	25
243	6	3200	25
244	8	3200	25
245	9	3200	25
246	11	3200	25
247	13	3200	25
248	16	3200	25
249	18	3200	25
250	21	3200	25
251	4	3200	26
252	5	3200	26
253	6	3200	26
254	8	3200	26
255	9	3200	26
256	11	3200	26
257	13	3200	26
258	16	3200	26
259	18	3200	26
260	21	3200	26
261	5	3200	27
262	6	3200	27
263	7	3200	27
264	9	3200	27
265	10	3200	27
266	12	3200	27
267	14	3200	27
268	17	3200	27
269	19	3200	27
270	22	3200	27
271	6	3200	28
272	7	3200	28
273	8	3200	28
274	10	3200	28
275	11	3200	28
276	13	3200	28
277	15	3200	28
278	18	3200	28
279	20	3200	28
280	23	3200	28
281	7	3200	29
282	8	3200	29
283	9	3200	29
284	11	3200	29
285	12	3200	29
286	14	3200	29
287	16	3200	29
288	19	3200	29
289	21	3200	29
290	24	3200	29
291	8	3200	30
292	9	3200	30
293	10	3200	30
294	12	3200	30
295	13	3200	30
296	15	3200	30
297	17	3200	30
298	20	3200	30
299	22	3200	30
300	25	3200	30
301	8	3200	31
302	9	3200	31
303	10	3200	31
304	12	3200	31
305	13	3200	31
306	15	3200	31
307	17	3200	31
308	20	3200	31
309	22	3200	31
310	25	3200	31
311	7	3200	32
312	8	3200	32
313	9	3200	32
314	11	3200	32
315	12	3200	32
316	14	3200	32
317	16	3200	32
318	19	3200	32
319	21	3200	32
320	24	3200	32
321	6	3200	33
322	7	3200	33
323	8	3200	33
324	10	3200	33
325	11	3200	33
326	13	3200	33
327	15	3200	33
328	18	3200	33
329	20	3200	33
330	23	3200	33
331	5	3200	34
332	6	3200	34
333	7	3200	34
334	9	3200	34
335	10	3200	34
336	12	3200	34
337	14	3200	34
338	17	3200	34
339	19	3200	34
340	22	3200	34
341	4	3200	35
342	5	3200	35
343	6	3200	35
344	8	3200	35
345	9	3200	35
346	11	3200	35
347	13	3200	35
348	16	3200	35
349	18	3200	35
350	21	3200	35
351	4	3200	36
352	5	3200	36
353	6	3200	36
354	8	3200	36
355	9	3200	36
356	11	3200	36
357	13	3200	36
358	16	3200	36
359	18	3200	36
360	21	3200	36
361	5	3200	37
362	6	3200	37
363	7	3200	37
364	9	3200	37
365	10	3200	37
366	12	3200	37
367	14	3200	37
368	17	3200	37
369	19	3200	37
370	22	3200	37
371	6	3200	38
372	7	3200	38
373	8	3200	38
374	10	3200	38
375	11	3200	38
376	13	3200	38
377	15	3200	38
378	18	3200	38
379	20	3200	38
380	23	3200	38
381	7	3200	39
382	8	3200	39
383	9	3200	39
384	11	3200	39
385	12	3200	39
386	14	3200	39
387	16	3200	39
388	19	3200	39
389	21	3200	39
390	24	3200	39
391	8	3200	40
392	9	3200	40
393	10	3200	40
394	12	3200	40
395	13	3200	40
396	15	3200	40
397	17	3200	40
398	20	3200	40
399	22	3200	40
400	25	3200	40
401	11	3200	41
402	12	3200	41
403	13	3200	41
404	15	3200	41
405	16	3200	41
406	18	3200	41
407	20	3200	41
408	23	3200	41
409	25	3200	41
410	28	3200	41
411	10	3200	42
412	11	3200	42
413	12	3200	42
414	14	3200	42
415	15	3200	42
416	17	3200	42
417	19	3200	42
418	22	3200	42
419	24	3200	42
420	27	3200	42
421	9	3200	43
422	10	3200	43
423	11	3200	43
424	13	3200	43
425	14	3200	43
426	16	3200	43
427	18	3200	43
428	21	3200	43
429	23	3200	43
430	26	3200	43
431	8	3200	44
432	9	3200	44
433	10	3200	44
434	12	3200	44
435	13	3200	44
436	15	3200	44
437	17	3200	44
438	20	3200	44
439	22	3200	44
440	25	3200	44
441	7	3200	45
442	8	3200	45
443	9	3200	45
444	11	3200	45
445	12	3200	45
446	14	3200	45
447	16	3200	45
448	19	3200	45
449	21	3200	45
450	24	3200	45
451	7	3200	46
452	8	3200	46
453	9	3200	46
454	11	3200	46
455	12	3200	46
456	14	3200	46
457	16	3200	46
458	19	3200	46
459	21	3200	46
460	24	3200	46
461	8	3200	47
462	9	3200	47
463	10	3200	47
464	12	3200	47
465	13	3200	47
466	15	3200	47
467	17	3200	47
468	20	3200	47
469	22	3200	47
470	25	3200	47
471	9	3200	48
472	10	3200	48
473	11	3200	48
474	13	3200	48
475	14	3200	48
476	16	3200	48
477	18	3200	48
478	21	3200	48
479	23	3200	48
480	26	3200	48
481	10	3200	49
482	11	3200	49
483	12	3200	49
484	14	3200	49
485	15	3200	49
486	17	3200	49
487	19	3200	49
488	22	3200	49
489	24	3200	49
490	27	3200	49
491	11	3200	50
492	12	3200	50
493	13	3200	50
494	15	3200	50
495	16	3200	50
496	18	3200	50
497	20	3200	50
498	23	3200	50
499	25	3200	50
500	28	3200	50
;